->       1      12       1    4096                                 <-   
MIX                                                                             
         8         2         2         2         2         2         2         8
         8         2         2         2         2         2         2         2
         1         1         1         1         1         1         1         1
         2         2         2         2         2         5         5         5
         2         2         2         2         2         2         2         2
         2         2         2         2         2         2         2         2
         1         1         1         1         1         1         1         1
         2         2         2         2         2         5         5         5
         2         2         2         2         2         2         2         2
         2         2         2         2         2         2         2         2
         1         1         1         1         1         1         1         1
         2         2         2         2         2         5         5         5
         2         2         2         2         2         2         2         2
         2         2         2         2         2         2         2         8
         8         1         1         1         1         1         1         1
         2         2         2         2         2         5         5         5
         2         2         2         2         2         2         2         2
         2         2         2         2         2         2         2         8
         8         1         1         1         1         1         1         2
         2         2         2         2         2         5         5         5
         2         2         2         2         2         8         8         2
         2         2         2         2         2         2         2         1
         1         1         1         1         1         1         1         2
         2         2         2         2         2         5         5         5
         2         2         2         2         2         8         8         2
         2         2         2         2         2         2         1         1
         1         1         1         1         1         1         1         2
         2         2         2         2         5         5         5         5
         8         2         2         2         2         2         2         2
         2         2         2         2         2         2         1         1
         1         1         1         1         1         1         2         2
         2         2         2         2         5         5         5         5
         8         2         2         2         2         2         2         2
         2         2         2         2         2         1         1         1
         1         1         1         1         1         1         2         2
         2         2         2         2         5         5         5         5
         2         2         2         2         2         2         2         2
         2         2         2         2         2         1         1         1
         1         1         1         1         1         1         2         2
         2         2         2         2         5         5         5         7
         2         2         2         2         2         2         2         2
         2         2         2         2         1         1         1         1
         1         1         1         1         1         2         2         2
         2         2         2         5         5         5         5         7
         2         2         2         2         2         2         2         2
         2         2         2         8         8         1         1         1
         1         1         1         1         1         2         2         2
         2         2         2         5         5         5         7         7
         2         2         2         2         2         2         2         2
         2         2         1         8         8         1         1         1
         1         1         1         1         2         2         2         2
         2         2         5         5         5         5         7         7
         2         2         2         2         2         2         2         2
         1         1         1         1         1         1         1         1
         1         1         1         1         2         2         2         2
         2         2         5         5         5         7         7         7
         2         2         2         2         2         2         1         1
         1         1         1         1         1         1         1         1
         1         1         1         2         2         2         2         2
         2         5         5         5         5         7         7         7
         2         2         2         8         8         1         1         1
         1         1         1         1         1         1         1         1
         1         1         2         2         2         2         2         2
         2         5         5         5         7         7         7         7
         1         1         1         8         8         1         1         1
         1         1         1         1         1         1         1         1
         1         2         2         2         2         2         2         2
         5         5         5         5         7         7         7         7
         1         1         1         1         1         1         1         1
         1         1         1         1         1         1         1         1
         2         2         2         2         2         2         2         5
         5         5         5         7         7         7         7         7
         1         1         1         1         1         1         1         1
         1         1         1         1         1         1         1         2
         2         2         2         2         2         2         5         5
         5         5         5         7         7         7         7         7
         1         1         1         1         1         1         1         1
         1         1         1         1         1         1         2         2
         2         2         2         2         2         5         5         5
         5         5         7         7         7         7         7         7
         1         1         1         1         1         1         1         1
         1         1         1         1         2         2         2         2
         2         2         2         2         5         5         5         5
         5         7         7         7         7         7         7         7
         1         1         1         1         1         1         1         1
         1         1         2         2         2         2         2         2
         2         2         2         5         5         5         5         5
         7         7         7         7         7         7         7         7
         1         1         1         1         1         1         1         2
         2         2         2         2         2         2         2         2
         2         2         5         5         5         5         5         7
         7         7         7         7         7         7         7         7
         1         1         1         1         2         2         2         2
         2         2         2         2         2         2         2         2
         2         5         5         5         5         5         7         7
         7         7         7         7         7         7         7         7
         2         2         2         2         2         2         2         2
         2         2         2         2         2         2         2         2
         5         5         5         5         5         7         7         7
         7         7         7         7         7         7         7         7
         2         2         2         2         2         2         2         2
         2         2         2         2         2         2         5         5
         5         5         5         5         7         7         7         7
         7         7         7         7         7         7         7         7
         2         2         2         2         2         2         2         2
         2         2         2         2         5         5         5         5
         5         5         5         7         7         7         7         7
         7         7         7         7         7         7         7         7
         2         2         2         2         2         2         2         2
         2         2         5         5         5         5         5         5
         5         7         7         7         7         7         7         7
         7         7         7         7         7         7         7         7
         2         2         2         2         2         2         5         5
         5         5         5         5         5         5         5         7
         7         7         7         7         7         7         7         7
         7         7         7         7         7         7         7         7
         5         5         5         5         5         5         5         5
         5         5         5         5         5         7         7         7
         7         7         7         7         7         7         7         7
         7         7         7         7         7         7         7         7
         5         5         5         5         5         5         5         5
         5         5         5         7         7         7         7         7
         7         7         7         7         7         7         7         7
         7         7         7         7         7         7         7         7
         5         5         5         5         5         5         5         5
         5         7         7         7         7         7         7         7
         7         7         7         7         7         7         7         7
         7         7         7         7         7         7         7         7
         8         1         1         1         1         1         1         8
         8         1         1         1         1         1         1         1
         1         1         1         1         1         1         1         1
         2         2         2         2         2         5         5         5
         1         1         1         1         1         1         1         1
         1         1         1         1         1         1         1         1
         1         1         1         1         1         1         1         1
         2         2         2         2         2         5         5         5
         1         1         1         1         1         1         1         1
         1         1         1         1         1         1         1         1
         1         1         1         1         1         1         1         1
         2         2         2         2         2         5         5         5
         1         1         1         1         1         1         1         1
         1         1         1         1         1         1         1         8
         8         1         1         1         1         1         1         1
         2         2         2         2         2         5         5         5
         1         1         1         1         1         1         1         1
         1         1         1         1         1         1         1         8
         8         1         1         1         1         1         1         2
         2         2         2         2         2         5         5         5
         1         1         1         1         1         8         8         1
         1         1         1         1         1         1         1         1
         1         1         1         1         1         1         1         2
         2         2         2         2         2         5         5         5
         1         1         1         1         1         8         8         1
         1         1         1         1         1         1         1         1
         1         1         1         1         1         1         1         2
         2         2         2         2         5         5         5         5
         8         1         1         1         1         1         1         1
         1         1         1         1         1         1         1         1
         1         1         1         1         1         1         2         2
         2         2         2         2         5         5         5         5
         8         1         1         1         1         1         1         1
         1         1         1         1         1         1         1         1
         1         1         1         1         1         1         2         2
         2         2         2         2         5         5         5         5
         1         1         1         1         1         1         1         1
         1         1         1         1         1         1         1         1
         1         1         1         1         1         1         2         2
         2         2         2         2         5         5         5         7
         1         1         1         1         1         1         1         1
         1         1         1         1         1         1         1         1
         1         1         1         1         1         2         2         2
         2         2         2         5         5         5         5         7
         1         1         1         1         1         1         1         1
         1         1         1         8         8         1         1         1
         1         1         1         1         1         2         2         2
         2         2         2         5         5         5         7         7
         1         1         1         1         1         1         1         1
         1         1         1         8         8         1         1         1
         1         1         1         1         2         2         2         2
         2         2         5         5         5         5         7         7
         1         1         1         1         1         1         1         1
         1         1         1         1         1         1         1         1
         1         1         1         1         2         2         2         2
         2         2         5         5         5         7         7         7
         1         1         1         1         1         1         1         1
         1         1         1         1         1         1         1         1
         1         1         1         2         2         2         2         2
         2         5         5         5         5         7         7         7
         1         1         1         8         8         1         1         1
         1         1         1         1         1         1         1         1
         1         1         2         2         2         2         2         2
         2         5         5         5         7         7         7         7
         1         1         1         8         8         1         1         1
         1         1         1         1         1         1         1         1
         1         2         2         2         2         2         2         2
         5         5         5         5         7         7         7         7
         1         1         1         1         1         1         1         1
         1         1         1         1         1         1         1         1
         2         2         2         2         2         2         2         5
         5         5         5         7         7         7         7         7
         1         1         1         1         1         1         1         1
         1         1         1         1         1         1         1         2
         2         2         2         2         2         2         5         5
         5         5         5         7         7         7         7         7
         1         1         1         1         1         1         1         1
         1         1         1         1         1         1         2         2
         2         2         2         2         2         5         5         5
         5         5         7         7         7         7         7         7
         1         1         1         1         1         1         1         1
         1         1         1         1         2         2         2         2
         2         2         2         2         5         5         5         5
         5         7         7         7         7         7         7         7
         1         1         1         1         1         1         1         1
         1         1         2         2         2         2         2         2
         2         2         2         5         5         5         5         5
         7         7         7         7         7         7         7         7
         1         1         1         1         1         1         1         2
         2         2         2         2         2         2         2         2
         2         2         5         5         5         5         5         7
         7         7         7         7         7         7         7         7
         1         1         1         1         2         2         2         2
         2         2         2         2         2         2         2         2
         2         5         5         5         5         5         7         7
         7         7         7         7         7         7         7         7
         2         2         2         2         2         2         2         2
         2         2         2         2         2         2         2         2
         5         5         5         5         5         7         7         7
         7         7         7         7         7         7         7         7
         2         2         2         2         2         2         2         2
         2         2         2         2         2         2         5         5
         5         5         5         5         7         7         7         7
         7         7         7         7         7         7         7         7
         2         2         2         2         2         2         2         2
         2         2         2         2         5         5         5         5
         5         5         5         7         7         7         7         7
         7         7         7         7         7         7         7         7
         2         2         2         2         2         2         2         2
         2         2         5         5         5         5         5         5
         5         7         7         7         7         7         7         7
         7         7         7         7         7         7         7         7
         2         2         2         2         2         2         5         5
         5         5         5         5         5         5         5         7
         7         7         7         7         7         7         7         7
         7         7         7         7         7         7         7         7
         5         5         5         5         5         5         5         5
         5         5         5         5         5         7         7         7
         7         7         7         7         7         7         7         7
         7         7         7         7         7         7         7         7
         5         5         5         5         5         5         5         5
         5         5         5         7         7         7         7         7
         7         7         7         7         7         7         7         7
         7         7         7         7         7         7         7         7
         5         5         5         5         5         5         5         5
         5         7         7         7         7         7         7         7
         7         7         7         7         7         7         7         7
         7         7         7         7         7         7         7         7
         8         3         3         3         3         3         3         8
         8         3         3         3         3         3         3         3
         3         3         3         3         3         3         3         3
         2         2         2         2         2         5         5         5
         3         3         3         3         3         3         3         3
         3         3         3         3         3         3         3         3
         3         3         3         3         3         3         3         3
         2         2         2         2         2         5         5         5
         3         3         3         3         3         3         3         3
         3         3         3         3         3         3         3         3
         3         3         3         3         3         3         3         3
         2         2         2         2         2         5         5         5
         3         3         3         3         3         3         3         3
         3         3         3         3         3         3         3         8
         8         3         3         3         3         3         3         3
         2         2         2         2         2         5         5         5
         3         3         3         3         3         3         3         3
         3         3         3         3         3         3         3         8
         8         3         3         3         3         3         3         2
         2         2         2         2         2         5         5         5
         3         3         3         3         3         8         8         3
         3         3         3         3         3         3         3         3
         3         3         3         3         3         3         3         2
         2         2         2         2         2         5         5         5
         3         3         3         3         3         8         8         3
         3         3         3         3         3         3         3         3
         3         3         3         3         3         3         3         2
         2         2         2         2         5         5         5         5
         8         3         3         3         3         3         3         3
         3         3         3         3         3         3         3         3
         3         3         3         3         3         3         2         2
         2         2         2         2         5         5         5         5
         8         3         3         3         3         3         3         3
         3         3         3         3         3         3         3         3
         3         3         3         3         3         3         2         2
         2         2         2         2         5         5         5         5
         3         3         3         3         3         3         3         3
         3         3         3         3         3         3         3         3
         3         3         3         3         3         3         2         2
         2         2         2         2         5         5         5         7
         3         3         3         3         3         3         3         3
         3         3         3         3         3         3         3         3
         3         3         3         3         3         2         2         2
         2         2         2         5         5         5         5         7
         3         3         3         3         3         3         3         3
         3         3         3         8         8         3         3         3
         3         3         3         3         3         2         2         2
         2         2         2         5         5         5         7         7
         3         3         3         3         3         3         3         3
         3         3         3         8         8         3         3         3
         3         3         3         3         2         2         2         2
         2         2         5         5         5         5         7         7
         3         3         3         3         3         3         3         3
         3         3         3         3         3         3         3         3
         3         3         3         3         2         2         2         2
         2         2         5         5         5         7         7         7
         3         3         3         3         3         3         3         3
         3         3         3         3         3         3         3         3
         3         3         3         2         2         2         2         2
         2         5         5         5         5         7         7         7
         3         3         3         8         8         3         3         3
         3         3         3         3         3         3         3         3
         3         3         2         2         2         2         2         2
         2         5         5         5         7         7         7         7
         3         3         3         8         8         3         3         3
         3         3         3         3         3         3         3         3
         3         2         2         2         2         2         2         2
         5         5         5         5         7         7         7         7
         3         3         3         3         3         3         3         3
         3         3         3         3         3         3         3         3
         2         2         2         2         2         2         2         5
         5         5         5         7         7         7         7         7
         3         3         3         3         3         3         3         3
         3         3         3         3         3         3         3         2
         2         2         2         2         2         2         5         5
         5         5         5         7         7         7         7         7
         3         3         3         3         3         3         3         3
         3         3         3         3         3         3         2         2
         2         2         2         2         2         5         5         5
         5         5         7         7         7         7         7         7
         3         3         3         3         3         3         3         3
         3         3         3         3         2         2         2         2
         2         2         2         2         5         5         5         5
         5         7         7         7         7         7         7         7
         3         3         3         3         3         3         3         3
         3         3         2         2         2         2         2         2
         2         2         2         5         5         5         5         5
         7         7         7         7         7         7         7         7
         3         3         3         3         3         3         3         2
         2         2         2         2         2         2         2         2
         2         2         5         5         5         5         5         7
         7         7         7         7         7         7         7         7
         3         3         3         3         2         2         2         2
         2         2         2         2         2         2         2         2
         2         5         5         5         5         5         7         7
         7         7         7         7         7         7         7         7
         2         2         2         2         2         2         2         2
         2         2         2         2         2         2         2         2
         5         5         5         5         5         7         7         7
         7         7         7         7         7         7         7         7
         2         2         2         2         2         2         2         2
         2         2         2         2         2         2         5         5
         5         5         5         5         7         7         7         7
         7         7         7         7         7         7         7         7
         2         2         2         2         2         2         2         2
         2         2         2         2         5         5         5         5
         5         5         5         7         7         7         7         7
         7         7         7         7         7         7         7         7
         2         2         2         2         2         2         2         2
         2         2         5         5         5         5         5         5
         5         7         7         7         7         7         7         7
         7         7         7         7         7         7         7         7
         2         2         2         2         2         2         5         5
         5         5         5         5         5         5         5         7
         7         7         7         7         7         7         7         7
         7         7         7         7         7         7         7         7
         5         5         5         5         5         5         5         5
         5         5         5         5         5         7         7         7
         7         7         7         7         7         7         7         7
         7         7         7         7         7         7         7         7
         5         5         5         5         5         5         5         5
         5         5         5         7         7         7         7         7
         7         7         7         7         7         7         7         7
         7         7         7         7         7         7         7         7
         5         5         5         5         5         5         5         5
         5         7         7         7         7         7         7         7
         7         7         7         7         7         7         7         7
         7         7         7         7         7         7         7         7
         8         4         4         4         4         4         4         8
         8         4         4         4         4         4         4         4
         4         4         4         4         4         4         4         4
         4         4         4         4         4         4         4         4
         4         4         4         4         4         4         4         4
         4         4         4         4         4         4         4         4
         4         4         4         4         4         4         4         4
         4         4         4         4         4         4         4         4
         4         4         4         4         4         4         4         4
         4         4         4         4         4         4         4         4
         4         4         4         4         4         4         4         4
         4         4         4         4         4         4         4         4
         4         4         4         4         4         4         4         4
         4         4         4         4         4         4         4         8
         8         4         4         4         4         4         4         4
         4         4         4         4         4         4         4         4
         4         4         4         4         4         4         4         4
         4         4         4         4         4         4         4         8
         8         4         4         4         4         4         4         4
         4         4         4         4         4         4         4         4
         4         4         4         4         4         8         8         4
         4         4         4         4         4         4         4         4
         4         4         4         4         4         4         4         4
         4         4         4         4         4         4         4         4
         4         4         4         4         4         8         8         4
         4         4         4         4         4         4         4         4
         4         4         4         4         4         4         4         4
         4         4         4         4         4         4         4         4
         8         4         4         4         4         4         4         4
         4         4         4         4         4         4         4         4
         4         4         4         4         4         4         4         4
         4         4         4         4         4         4         4         4
         8         4         4         4         4         4         4         4
         4         4         4         4         4         4         4         4
         4         4         4         4         4         4         4         4
         4         4         4         4         4         4         4         4
         4         4         4         4         4         4         4         4
         4         4         4         4         4         4         4         4
         4         4         4         4         4         4         4         4
         4         4         4         4         4         4         4         7
         4         4         4         4         4         4         4         4
         4         4         4         4         4         4         4         4
         4         4         4         4         4         4         4         4
         4         4         4         4         4         4         4         7
         4         4         4         4         4         4         4         4
         4         4         4         8         8         4         4         4
         4         4         4         4         4         4         4         4
         4         4         4         4         4         4         7         7
         4         4         4         4         4         4         4         4
         4         4         4         8         8         4         4         4
         4         4         4         4         4         4         4         4
         4         4         4         4         4         4         7         7
         4         4         4         4         4         4         4         4
         4         4         4         4         4         4         4         4
         4         4         4         4         4         4         4         4
         4         4         4         4         4         7         7         7
         4         4         4         4         4         4         4         4
         4         4         4         4         4         4         4         4
         4         4         4         4         4         4         4         4
         4         4         4         4         4         7         7         7
         4         4         4         8         8         4         4         4
         4         4         4         4         4         4         4         4
         4         4         4         4         4         4         4         4
         4         4         4         4         7         7         7         7
         4         4         4         8         8         4         4         4
         4         4         4         4         4         4         4         4
         4         4         4         4         4         4         4         4
         4         4         4         4         7         7         7         7
         4         4         4         4         4         4         4         4
         4         4         4         4         4         4         4         4
         4         4         4         4         4         4         4         4
         4         4         4         7         7         7         7         7
         4         4         4         4         4         4         4         4
         4         4         4         4         4         4         4         4
         4         4         4         4         4         4         4         4
         4         4         4         7         7         7         7         7
         4         4         4         4         4         4         4         4
         4         4         4         4         4         4         4         4
         4         4         4         4         4         4         4         4
         4         4         7         7         7         7         7         7
         4         4         4         4         4         4         4         4
         4         4         4         4         4         4         4         4
         4         4         4         4         4         4         4         4
         4         7         7         7         7         7         7         7
         4         4         4         4         4         4         4         4
         4         4         4         4         4         4         4         4
         4         4         4         4         4         4         4         4
         7         7         7         7         7         7         7         7
         4         4         4         4         4         4         4         4
         4         4         4         4         4         4         4         4
         4         4         4         4         4         4         4         7
         7         7         7         7         7         7         7         7
         4         4         4         4         4         4         4         4
         4         4         4         4         4         4         4         4
         4         4         4         4         4         4         7         7
         7         7         7         7         7         7         7         7
         4         4         4         4         4         4         4         4
         4         4         4         4         4         4         4         4
         4         4         4         4         4         7         7         7
         7         7         7         7         7         7         7         7
         4         4         4         4         4         4         4         4
         4         4         4         4         4         4         4         4
         4         4         4         4         7         7         7         7
         7         7         7         7         7         7         7         7
         4         4         4         4         4         4         4         4
         4         4         4         4         4         4         4         4
         4         4         4         7         7         7         7         7
         7         7         7         7         7         7         7         7
         4         4         4         4         4         4         4         4
         4         4         4         4         4         4         4         4
         4         7         7         7         7         7         7         7
         7         7         7         7         7         7         7         7
         4         4         4         4         4         4         4         4
         4         4         4         4         4         4         4         7
         7         7         7         7         7         7         7         7
         7         7         7         7         7         7         7         7
         4         4         4         4         4         4         4         4
         4         4         4         4         4         7         7         7
         7         7         7         7         7         7         7         7
         7         7         7         7         7         7         7         7
         4         4         4         4         4         4         4         4
         4         4         4         7         7         7         7         7
         7         7         7         7         7         7         7         7
         7         7         7         7         7         7         7         7
         4         4         4         4         4         4         4         4
         4         7         7         7         7         7         7         7
         7         7         7         7         7         7         7         7
         7         7         7         7         7         7         7         7
->       1      12       2      33                                 <-   
MESHX                                                                           
  0.00000000E+00  5.00000000E+00  1.00000000E+01  1.50000000E+01  2.00000000E+01
  2.50000000E+01  3.00000000E+01  3.50000000E+01  4.00000000E+01  4.50000000E+01
  5.00000000E+01  5.50000000E+01  6.00000000E+01  6.50000000E+01  7.00000000E+01
  7.50000000E+01  8.00000000E+01  8.50000000E+01  9.00000000E+01  9.50000000E+01
  1.00000000E+02  1.05000000E+02  1.10000000E+02  1.15000000E+02  1.20000000E+02
  1.25000000E+02  1.30000000E+02  1.35000000E+02  1.40000000E+02  1.45000000E+02
  1.50000000E+02  1.55000000E+02  1.60000000E+02
->       1      12       2      33                                 <-   
MESHY                                                                           
  0.00000000E+00  5.00000000E+00  1.00000000E+01  1.50000000E+01  2.00000000E+01
  2.50000000E+01  3.00000000E+01  3.50000000E+01  4.00000000E+01  4.50000000E+01
  5.00000000E+01  5.50000000E+01  6.00000000E+01  6.50000000E+01  7.00000000E+01
  7.50000000E+01  8.00000000E+01  8.50000000E+01  9.00000000E+01  9.50000000E+01
  1.00000000E+02  1.05000000E+02  1.10000000E+02  1.15000000E+02  1.20000000E+02
  1.25000000E+02  1.30000000E+02  1.35000000E+02  1.40000000E+02  1.45000000E+02
  1.50000000E+02  1.55000000E+02  1.60000000E+02
->       1      12       2       5                                 <-   
MESHZ                                                                           
  0.00000000E+00  1.00000000E+01  5.50000000E+01  8.00000000E+01  9.00000000E+01
->       1      12       1      32                                 <-   
SPLITX                                                                          
         1         1         1         1         1         1         1         1
         1         1         1         1         1         1         1         1
         1         1         1         1         1         1         1         1
         1         1         1         1         1         1         1         1
->       1      12       1      32                                 <-   
SPLITY                                                                          
         1         1         1         1         1         1         1         1
         1         1         1         1         1         1         1         1
         1         1         1         1         1         1         1         1
         1         1         1         1         1         1         1         1
->       1      12       1       4                                 <-   
SPLITZ                                                                          
         1         2         1         1
->       1      12       3       3                                 <-   
SIGNATURE                                                                       
         4         4         4
L_GEOM      
->       1      12       1      40                                 <-   
STATE-VECTOR                                                                    
         7         0        32        32         4      4096         8         0
         0         0         1         0         0         0         0         0
         0         0         0         0         0         0         0         0
         0         0         0         0         0         0         0         0
         0         0         0         0         0         0         0         0
->       1      12       1       6                                 <-   
NCODE                                                                           
         2         1         2         1         2         1
->       1      12       2       6                                 <-   
ZCODE                                                                           
  1.00000000E+00  0.00000000E+00  1.00000000E+00  0.00000000E+00  1.00000000E+00
  0.00000000E+00
->       1      12       1       6                                 <-   
ICODE                                                                           
         0         0         0         0         0         0
->      -1       0       0       0                                 <-   
