->       1      12       2       5                                 <-   
ENERGY                                                                          
  1.00000000E+07  1.35340000E+06  8.65170000E+04  9.61119995E+02  9.99999975E-06
->       1      12       2       4                                 <-   
AVGVEL                                                                          
  2.65294797E+09  8.09103488E+08  1.32081496E+08  4.33078469E+05
->       1      12       2       4                                 <-   
DELTAU                                                                          
  1.99996519E+00  2.75003433E+00  4.49999714E+00  1.83810253E+01
->       1      12      10       4                                 <-   
GROUP                                                                           
->       2       0       0      -1                                 <-   00000001
->       3      12       2       8                                 <-   
NTOT0                                                                           
  1.14568003E-01  1.19648002E-01  1.16493002E-01  1.65611997E-01  1.71747997E-01
  1.84332997E-01  1.36984996E-02  6.58978969E-02
->       3      12       2       8                                 <-   
NUSIGF                                                                          
  2.06062999E-02  1.89495999E-02  1.31770000E-02  0.00000000E+00  0.00000000E+00
  0.00000000E+00  0.00000000E+00  0.00000000E+00
->       3      12       2       8                                 <-   
CHI                                                                             
  5.83319008E-01  5.83319008E-01  5.83319008E-01  0.00000000E+00  0.00000000E+00
  0.00000000E+00  0.00000000E+00  0.00000000E+00
->       3      12       1       8                                 <-   
NJJS00                                                                          
         1         1         1         1         1         1         1         1
->       3      12       1       8                                 <-   
IJJS00                                                                          
         1         1         1         1         1         1         1         1
->       3      12       1       8                                 <-   
IPOS00                                                                          
         1         2         3         4         5         6         7         8
->       3      12       2       8                                 <-   
SIGW00                                                                          
  7.04326034E-02  6.91158026E-02  7.16044009E-02  1.15653001E-01  1.23351999E-01
  1.34372994E-01  9.57999006E-03  4.74407002E-02
->       3      12       2       8                                 <-   
SIGS00                                                                          
  1.07112125E-01  1.12215213E-01  1.11138470E-01  1.64972588E-01  1.70614868E-01
  1.78356543E-01  1.36235533E-02  6.55871108E-02
->       3      12       2       8                                 <-   
SCAT00                                                                          
  7.04326034E-02  6.91158026E-02  7.16044009E-02  1.15653001E-01  1.23351999E-01
  1.34372994E-01  9.57999006E-03  4.74407002E-02
->      -3       0       0       0                                 <-   
->       2       0       0      -1                                 <-   00000002
->       3      12       2       8                                 <-   
NTOT0                                                                           
  2.05176994E-01  2.42194995E-01  2.20521003E-01  1.66866004E-01  2.17825994E-01
  3.66120994E-01  1.69037003E-02  1.09810002E-01
->       3      12       2       8                                 <-   
NUSIGF                                                                          
  6.10570982E-03  1.75264999E-04  1.26026003E-04  0.00000000E+00  0.00000000E+00
  0.00000000E+00  0.00000000E+00  0.00000000E+00
->       3      12       2       8                                 <-   
CHI                                                                             
  4.05449986E-01  4.05449986E-01  4.05449986E-01  0.00000000E+00  0.00000000E+00
  0.00000000E+00  0.00000000E+00  0.00000000E+00
->       3      12       1       8                                 <-   
NJJS00                                                                          
         2         2         2         2         2         2         2         2
->       3      12       1       8                                 <-   
IJJS00                                                                          
         2         2         2         2         2         2         2         2
->       3      12       1       8                                 <-   
IPOS00                                                                          
         1         3         5         7         9        11        13        15
->       3      12       2       8                                 <-   
SIGW00                                                                          
  1.95443004E-01  2.30626002E-01  2.10436001E-01  1.60817996E-01  2.11063996E-01
  3.18581998E-01  1.64739992E-02  1.06141999E-01
->       3      12       2       8                                 <-   
SIGS00                                                                          
  2.01652333E-01  2.40196466E-01  2.19035223E-01  1.66459605E-01  2.17336044E-01
  3.48426074E-01  1.68654695E-02  1.09696835E-01
->       3      12       2      16                                 <-   
SCAT00                                                                          
  1.95443004E-01  3.47966999E-02  2.30626002E-01  4.04132009E-02  2.10436001E-01
  3.73170003E-02  1.60817996E-01  4.84731011E-02  2.11063996E-01  4.61306982E-02
  3.18581998E-01  4.37774993E-02  1.64739992E-02  3.95552022E-03  1.06141999E-01
  1.76893994E-02
->      -3       0       0       0                                 <-   
->       2       0       0      -1                                 <-   00000003
->       3      12       2       8                                 <-   
NTOT0                                                                           
  3.29380989E-01  3.56476009E-01  3.44543993E-01  2.68633008E-01  4.47760999E-01
  6.15526974E-01  3.12271006E-02  1.86765000E-01
->       3      12       2       8                                 <-   
NUSIGF                                                                          
  6.91402983E-03  2.06978002E-04  1.52380002E-04  0.00000000E+00  0.00000000E+00
  0.00000000E+00  0.00000000E+00  0.00000000E+00
->       3      12       2       8                                 <-   
CHI                                                                             
  1.12309996E-02  1.12309996E-02  1.12309996E-02  0.00000000E+00  0.00000000E+00
  0.00000000E+00  0.00000000E+00  0.00000000E+00
->       3      12       1       8                                 <-   
NJJS00                                                                          
         3         3         3         3         3         3         3         3
->       3      12       1       8                                 <-   
IJJS00                                                                          
         3         3         3         3         3         3         3         3
->       3      12       1       8                                 <-   
IPOS00                                                                          
         1         4         7        10        13        16        19        22
->       3      12       2       8                                 <-   
SIGW00                                                                          
  3.20585996E-01  3.48414004E-01  3.37505996E-01  2.65011013E-01  4.43044990E-01
  5.19590974E-01  3.09104007E-02  1.85304001E-01
->       3      12       2       8                                 <-   
SIGS00                                                                          
  3.21578979E-01  3.49685967E-01  3.39191288E-01  2.67428577E-01  4.45816249E-01
  5.27253091E-01  3.10876928E-02  1.86316803E-01
->       3      12       2      24                                 <-   
SCAT00                                                                          
  3.20585996E-01  6.20862981E-03  1.88282004E-03  3.48414004E-01  9.57026985E-03
  2.68620998E-03  3.37505996E-01  8.59855022E-03  2.21706997E-03  2.65011013E-01
  5.64095983E-03  8.46494979E-04  4.43044990E-01  6.27100002E-03  1.13216997E-03
  5.19590974E-01  2.98432000E-02  2.06053999E-04  3.09104007E-02  3.91393987E-04
  8.80427979E-05  1.85304001E-01  3.55465990E-03  4.57012007E-04
->      -3       0       0       0                                 <-   
->       2       0       0      -1                                 <-   00000004
->       3      12       2       8                                 <-   
NTOT0                                                                           
  3.89809996E-01  3.79433006E-01  3.88356000E-01  8.34910989E-01  7.95198977E-01
  1.09485996E+00  6.29537031E-02  2.09932998E-01
->       3      12       2       8                                 <-   
NUSIGF                                                                          
  2.60688998E-02  1.13451004E-03  7.87301979E-04  0.00000000E+00  0.00000000E+00
  0.00000000E+00  0.00000000E+00  0.00000000E+00
->       3      12       2       8                                 <-   
CHI                                                                             
  0.00000000E+00  0.00000000E+00  0.00000000E+00  0.00000000E+00  0.00000000E+00
  0.00000000E+00  0.00000000E+00  0.00000000E+00
->       3      12       1       8                                 <-   
NJJS00                                                                          
         3         3         3         3         3         3         3         3
->       3      12       1       8                                 <-   
IJJS00                                                                          
         4         4         4         4         4         4         4         4
->       3      12       1       8                                 <-   
IPOS00                                                                          
         1         4         7        10        13        16        19        22
->       3      12       2       8                                 <-   
SIGW00                                                                          
  3.62360001E-01  3.63631010E-01  3.74886006E-01  8.30546975E-01  7.89497018E-01
  6.18264973E-01  6.24581017E-02  2.08857998E-01
->       3      12       2       8                                 <-   
SIGS00                                                                          
  3.62360001E-01  3.63631010E-01  3.74886006E-01  8.30546975E-01  7.89497018E-01
  6.18264973E-01  6.24581017E-02  2.08857998E-01
->       3      12       2      24                                 <-   
SCAT00                                                                          
  3.62360001E-01  9.92974965E-04  7.07208017E-07  3.63631010E-01  1.27194996E-03
  1.99571005E-07  3.74886006E-01  1.68530003E-03  6.68298981E-07  8.30546975E-01
  2.41754996E-03  6.57573025E-07  7.89497018E-01  2.77125998E-03  1.03830996E-06
  6.18264973E-01  7.66209001E-03  8.71187979E-07  6.24581017E-02  1.77292997E-04
  7.72254012E-08  2.08857998E-01  1.01280003E-03  1.77599006E-07
->      -3       0       0       0                                 <-   
->       1      12       3       3                                 <-   
SIGNATURE                                                                       
         4         4         4
L_MACROLIB  
->       1      12       1      40                                 <-   
STATE-VECTOR                                                                    
         4         8         1         1         0         0         0         0
         0         0         0         0         0         0         0         0
         0         0         0         0         0         0         0         0
         0         0         0         0         0         0         0         0
         0         0         0         0         0         0         0         0
->      -1       0       0       0                                 <-   
