->       1      12      10       4                                 <-   
GROUP                                                                       

    
->       2       0       0      -1                                 <-   00000001
->       3      12       2       4                                 <-   
DIFF                                                                            
  6.27037875E-01  8.13603390E-01  8.18598541E-01  7.86163531E-01
->       3      12       2       4                                 <-   
TRANC                                                                           
  2.87999988E-01  4.84099984E-02  4.92700003E-02  0.00000000E+00
->       3      12       2       4                                 <-   
NUSIGF                                                                          
  0.00000000E+00  1.63199995E-02  1.65199991E-02  0.00000000E+00
->       3      12       2       4                                 <-   
CHI                                                                             
  0.00000000E+00  1.00000000E+00  1.00000000E+00  0.00000000E+00
->       3      12       1       4                                 <-   
NJJS00                                                                          
         1         1         1         1
->       3      12       1       4                                 <-   
IJJS00                                                                          
         1         1         1         1
->       3      12       1       4                                 <-   
IPOS00                                                                          
         1         2         3         4
->       3      12       2       4                                 <-   
SIGW00                                                                          
  4.97299999E-01  3.90799999E-01  3.88500005E-01  3.73800009E-01
->       3      12       2       4                                 <-   
SIGS00                                                                          
  5.31166792E-01  3.91654611E-01  3.89356196E-01  3.74043912E-01
->       3      12       2       4                                 <-   
SCAT00                                                                          
  4.97299999E-01  3.90799999E-01  3.88500005E-01  3.73800009E-01
->       3      12       2       4                                 <-   
NTOT0                                                                           
  5.31599998E-01  4.09700006E-01  4.07200009E-01  4.23999995E-01
->       3      12       1       4                                 <-   
NJJS01                                                                          
         1         1         1         1
->       3      12       1       4                                 <-   
IJJS01                                                                          
         1         1         1         1
->       3      12       1       4                                 <-   
IPOS01                                                                          
         1         2         3         4
->       3      12       2       4                                 <-   
SIGW01                                                                          
  2.73499995E-01  4.79299985E-02  4.98099998E-02  0.00000000E+00
->       3      12       2       4                                 <-   
SIGS01                                                                          
  2.87917435E-01  4.76659983E-02  4.95476015E-02  0.00000000E+00
->       3      12       2       4                                 <-   
SCAT01                                                                          
  2.73499995E-01  4.79299985E-02  4.98099998E-02  0.00000000E+00
->      -3       0       0       0                                 <-   


->       2       0       0      -1                                 <-   00000002
->       3      12       2       4                                 <-   
DIFF                                                                            
  3.56430006E-01  5.30278925E-01  5.35647305E-01  3.18187594E-01
->       3      12       2       4                                 <-   
TRANC                                                                           
  5.52900016E-01  7.93899968E-03  7.87200034E-03  0.00000000E+00
->       3      12       2       4                                 <-   
NUSIGF                                                                          
  0.00000000E+00  9.25899968E-02  9.13600028E-02  0.00000000E+00
->       3      12       2       4                                 <-   
CHI                                                                             
  0.00000000E+00  0.00000000E+00  0.00000000E+00  0.00000000E+00
->       3      12       1       4                                 <-   
NJJS00                                                                          
         2         2         2         2
->       3      12       1       4                                 <-   
IJJS00                                                                          
         2         2         2         2
->       3      12       1       4                                 <-   
IPOS00                                                                          
         1         3         5         7
->       3      12       2       4                                 <-   
SIGW00                                                                          
  6.57000005E-01  4.40699995E-01  4.38699991E-01  4.10200000E-01
->       3      12       2       4                                 <-   
SIGS00                                                                          
  9.33919966E-01  4.48756993E-01  4.47290987E-01  4.10937011E-01
->       3      12       2       8                                 <-   
SCAT00                                                                          
  6.57000005E-01  3.13399993E-02  4.40699995E-01  8.54599988E-04  4.38699991E-01
  8.56200000E-04  4.10200000E-01  2.43899995E-04
->       3      12       2       4                                 <-   
NTOT0                                                                           
  9.35199976E-01  6.28600001E-01  6.22300029E-01  1.04760003E+00
->       3      12       1       4                                 <-   
NJJS01                                                                          
         2         2         2         1
->       3      12       1       4                                 <-   
IJJS01                                                                          
         2         2         2         2
->       3      12       1       4                                 <-   
IPOS01                                                                          
         1         3         5         7
->       3      12       2       4                                 <-   
SIGW01                                                                          
  4.25300002E-01  5.41900005E-03  3.10000009E-03 -6.16099983E-02
->       3      12       2       4                                 <-   
SIGS01                                                                          
  5.48973024E-01  2.96600000E-03  4.90000006E-04 -6.16099983E-02
->       3      12       2       7                                 <-   
SCAT01                                                                          
  4.25300002E-01  1.41000003E-02  5.41900005E-03 -2.64000002E-04  3.10000009E-03
 -2.62399990E-04 -6.16099983E-02
->      -3       0       0       0                                 <-   


->       2       0       0      -1                                 <-   00000003
->       3      12       2       4                                 <-   
DIFF                                                                            
  3.35649317E-01  7.25584098E-01  7.24795258E-01  1.21198903E-01
->       3      12       2       4                                 <-   
TRANC                                                                           
  4.93600011E-01  8.08000006E-03  8.16600025E-03  0.00000000E+00
->       3      12       2       4                                 <-   
NUSIGF                                                                          
  0.00000000E+00  1.12899996E-01  1.14299998E-01  0.00000000E+00
->       3      12       2       4                                 <-   
CHI                                                                             
  0.00000000E+00  0.00000000E+00  0.00000000E+00  0.00000000E+00
->       3      12       1       4                                 <-   
NJJS00                                                                          
         4         3         3         3
->       3      12       1       4                                 <-   
IJJS00                                                                          
         4         4         4         4
->       3      12       1       4                                 <-   
IPOS00                                                                          
         1         5         8        11
->       3      12       2       4                                 <-   
SIGW00                                                                          
  7.17599988E-01  3.78500015E-01  3.77999991E-01  4.95599985E-01
->       3      12       2       4                                 <-   
SIGS00                                                                          
  9.88299966E-01  3.90530020E-01  3.90289992E-01  4.98847991E-01
->       3      12       2      13                                 <-   
SCAT00                                                                          
  1.16299996E-02  7.17599988E-01  2.52799988E-01  2.30400008E-03  5.31799998E-03
  3.78500015E-01  8.05700012E-03  5.23599982E-03  3.77999991E-01  8.59099999E-03
  4.98500001E-03  4.95599985E-01  7.37000024E-04
->       3      12       2       4                                 <-   
NTOT0                                                                           
  9.93099988E-01  4.59399998E-01  4.59899992E-01  2.75029993E+00
->       3      12       1       4                                 <-   
NJJS01                                                                          
         4         3         3         1
->       3      12       1       4                                 <-   
IJJS01                                                                          
         4         4         4         3
->       3      12       1       4                                 <-   
IPOS01                                                                          
         1         5         8        11
->       3      12       2       4                                 <-   
SIGW01                                                                          
  4.28600013E-01  9.01400018E-03  1.14200003E-02 -2.32600003E-01
->       3      12       2       4                                 <-   
SIGS01                                                                          
  4.92860019E-01  6.44200016E-03  8.81600007E-03 -2.32600003E-01
->       3      12       2      11                                 <-   
SCAT01                                                                          
  5.06399991E-03  4.28600013E-01  1.20300002E-01  3.04999994E-04 -7.33800000E-04
  9.01400018E-03 -2.45300005E-03 -7.23099976E-04  1.14200003E-02 -2.61000008E-03
 -2.32600003E-01
->      -3       0       0       0                                 <-   


->       2       0       0      -1                                 <-   00000004
->       3      12       2       4                                 <-   
DIFF                                                                            
  2.09235668E-01  4.43970867E-01  4.44207530E-01  2.97778567E-01
->       3      12       2       4                                 <-   
TRANC                                                                           
  4.43399996E-01  8.03800020E-03  8.03999975E-03  0.00000000E+00
->       3      12       2       4                                 <-   
NUSIGF                                                                          
  0.00000000E+00  6.50799990E-01  6.49999976E-01  0.00000000E+00
->       3      12       2       4                                 <-   
CHI                                                                             
  0.00000000E+00  0.00000000E+00  0.00000000E+00  0.00000000E+00
->       3      12       1       4                                 <-   
NJJS00                                                                          
         4         2         2         2
->       3      12       1       4                                 <-   
IJJS00                                                                          
         4         4         4         4
->       3      12       1       4                                 <-   
IPOS00                                                                          
         1         5         7         9
->       3      12       2       4                                 <-   
SIGW00                                                                          
  1.56500006E+00  3.98299992E-01  3.98400009E-01  2.99600005E-01
->       3      12       2       4                                 <-   
SIGS00                                                                          
  1.57663012E+00  4.03617978E-01  4.03636009E-01  3.04585010E-01
->       3      12       2      10                                 <-   
SCAT00                                                                          
  1.56500006E+00  2.70700008E-01  2.41199993E-02  2.22799994E-04  3.98299992E-01
  1.20299999E-02  3.98400009E-01  1.22900000E-02  2.99600005E-01  3.24800005E-03
->       3      12       2       4                                 <-   
NTOT0                                                                           
  1.59309995E+00  7.50800014E-01  7.50400007E-01  1.11940002E+01
->       3      12       1       4                                 <-   
NJJS01                                                                          
         4         2         2         1
->       3      12       1       4                                 <-   
IJJS01                                                                          
         4         4         4         4
->       3      12       1       4                                 <-   
IPOS01                                                                          
         1         5         7         9
->       3      12       2       4                                 <-   
SIGW01                                                                          
  4.38400000E-01  8.76899995E-03  8.76399968E-03  0.00000000E+00
->       3      12       2       4                                 <-   
SIGS01                                                                          
  4.43464011E-01  8.03519972E-03  8.04089941E-03  0.00000000E+00
->       3      12       2       9                                 <-   
SCAT01                                                                          
  4.38400000E-01  6.42599985E-02  3.37300007E-03  1.24500002E-05  8.76899995E-03
 -2.57200003E-03  8.76399968E-03 -2.60400004E-03  0.00000000E+00
->      -3       0       0       0                                 <-   


->       1      12       3       3                                 <-   
SIGNATURE                                                                       
         4         4         4
L_MACROLIB  
->       1      12       1      40                                 <-   
STATE-VECTOR                                                                    
         4         4         2         1         0         0         0         0
         0         0         0         0         0         0         0         0
         0         0         0         0         0         0         0         0
         0         0         0         0         0         0         0         0
         0         0         0         0         0         0         0         0


->      -1       0       0       0                                 <-   
