->       1      12       2      19                                 <-   
MESHX                                                                           
  0.00000000E+00  3.70000005E-01  8.89999986E-01  1.63000000E+00  2.15000010E+00
  2.89000010E+00  3.41000009E+00  4.15000010E+00  4.67000008E+00  5.40000010E+00
  5.92999983E+00  6.67000008E+00  7.19000006E+00  7.92999983E+00  8.44999981E+00
  9.18999958E+00  9.71000004E+00  1.04499998E+01  1.07100000E+01
->       1      12       2      19                                 <-   
MESHY                                                                           
  0.00000000E+00  3.70000005E-01  8.89999986E-01  1.63000000E+00  2.15000010E+00
  2.89000010E+00  3.41000009E+00  4.15000010E+00  4.67000008E+00  5.40000010E+00
  5.92999983E+00  6.67000008E+00  7.19000006E+00  7.92999983E+00  8.44999981E+00
  9.18999958E+00  9.71000004E+00  1.04499998E+01  1.07100000E+01
->       1      12       1      18                                 <-   
SPLITX                                                                          
         2         2         4         2         4         2         4         2
         4         2         4         2         4         2         4         2
         4         2
->       1      12       1      18                                 <-   
SPLITY                                                                          
         2         2         4         2         4         2         4         2
         4         2         4         2         4         2         4         2
         4         2
->       1      12       1     324                                 <-   
MIX                                                                             
         1         1         2         1         2         1         4         1
         2         1         2         1         4         1         2         1
         3         1         1         1         1         1         1         1
         1         1         1         1         1         1         1         1
         1         1         1         1         2         1         3         1
         3         1         2         1         3         1         3         1
         2         1         3         1         3         1         1         1
         1         1         1         1         1         1         1         1
         1         1         1         1         1         1         1         1
         2         1         3         1         3         1         2         1
         3         1         3         1         2         1         3         1
         3         1         1         1         1         1         1         1
         1         1         1         1         1         1         1         1
         1         1         1         1         4         1         2         1
         2         1         4         1         2         1         2         1
         4         1         2         1         3         1         1         1
         1         1         1         1         1         1         1         1
         1         1         1         1         1         1         1         1
         2         1         3         1         3         1         2         1
         3         1         2         1         2         1         3         1
         3         1         1         1         1         1         1         1
         1         1         1         1         1         1         1         1
         1         1         1         1         2         1         3         1
         3         1         2         1         2         1         4         1
         2         1         3         1         3         1         1         1
         1         1         1         1         1         1         1         1
         1         1         1         1         1         1         1         1
         4         1         2         1         2         1         4         1
         2         1         2         1         3         1         3         1
         3         1         1         1         1         1         1         1
         1         1         1         1         1         1         1         1
         1         1         1         1         2         1         3         1
         3         1         2         1         3         1         3         1
         3         1         3         1         3         1         1         1
         1         1         1         1         1         1         1         1
         1         1         1         1         1         1         1         1
         3         1         3         1         3         1         3         1
         3         1         3         1         3         1         3         1
         3         1         1         1         1         1         1         1
         1         1         1         1         1         1         1         1
         1         1         1         1
->       1      12       3       3                                 <-   
SIGNATURE                                                                       
         4         4         4
L_GEOM      
->       1      12       1      40                                 <-   
STATE-VECTOR                                                                    
         5         0        18        18         0       324         4         0
         0         0         1         0         0         0         0         0
         0         0         0         0         0         0         0         0
         0         0         0         0         0         0         0         0
         0         0         0         0         0         0         0         0
->       1      12       1       6                                 <-   
NCODE                                                                           
         2         2         2         2         0         0
->       1      12       2       6                                 <-   
ZCODE                                                                           
  1.00000000E+00  1.00000000E+00  1.00000000E+00  1.00000000E+00  0.00000000E+00
  0.00000000E+00
->       1      12       1       6                                 <-   
ICODE                                                                           
         0         0         0         0         0         0
->      -1       0       0       0                                 <-   
