->       1      12       1       1                                 <-   
IHEX                                                                            
         9
->       1      12       2       1                                 <-   
SIDE                                                                            
  7.50000000E+00
->       1      12       2       6                                 <-   
MESHZ                                                                           
  0.00000000E+00  4.50000000E+01  6.50000000E+01  1.25000000E+02  1.45000000E+02
  1.90000000E+02
->       1      12       1       5                                 <-   
SPLITZ                                                                          
         2         1         3         1         2
->       1      12       1       1                                 <-   
SPLITL                                                                          
         2
->       1      12       1     845                                 <-   
MIX                                                                             
         1         1         1         1         1         1         1         1
         1         1         1         1         1         1         1         1
         1         1         1         1         1         1         1         1
         1         1         1         1         1         1         1         1
         1         1         1         1         1         7         7         7
         7         7         7         7         7         7         7         7
         7         7         7         7         7         7         7         7
         7         7         7         7         7         8         8         8
         8         8         8         8         8         8         8         8
         8         8         8         8         8         8         8         8
         8         8         8         8         8         8         8         8
         8         8         8         9         9         9         9         9
         9         9         9         9         9         9         9         9
         9         9         9         9         9         9         9         9
         9         9         9         9         9         9         9         9
         9         9         9         9         9         9         9        10
        10        10        10        10        10        10        10        10
        10        10        10        10        10        10        10        10
        10        10        10        10        10        10        10        10
        10        10        10        10        10        10        10        10
        10        10        10        10        10        10        10        10
        10         2         2         2         2         2         2         2
         3         1         3         1         3         1         3         1
         3         1         3         1         3         3         3         3
         3         3         3         3         3         3         3         3
         3         3         3         3         3         3         7         7
         7         7         7         7         7         7         7         7
         7         7         7         7         7         7         7         7
         7         7         7         7         7         7         8         8
         8         8         8         8         8         8         8         8
         8         8         8         8         8         8         8         8
         8         8         8         8         8         8         8         8
         8         8         8         8         9         9         9         9
         9         9         9         9         9         9         9         9
         9         9         9         9         9         9         9         9
         9         9         9         9         9         9         9         9
         9         9         9         9         9         9         9         9
        10        10        10        10        10        10        10        10
        10        10        10        10        10        10        10        10
        10        10        10        10        10        10        10        10
        10        10        10        10        10        10        10        10
        10        10        10        10        10        10        10        10
        10        10         4         4         4         4         4         4
         4         5        12         5        12         5        12         5
        12         5        12         5        12         6         6         6
         6         6         6         6         6         6         6         6
         6         6         6         6         6         6         6         7
         7         7         7         7         7         7         7         7
         7         7         7         7         7         7         7         7
         7         7         7         7         7         7         7         8
         8         8         8         8         8         8         8         8
         8         8         8         8         8         8         8         8
         8         8         8         8         8         8         8         8
         8         8         8         8         8         9         9         9
         9         9         9         9         9         9         9         9
         9         9         9         9         9         9         9         9
         9         9         9         9         9         9         9         9
         9         9         9         9         9         9         9         9
         9        10        10        10        10        10        10        10
        10        10        10        10        10        10        10        10
        10        10        10        10        10        10        10        10
        10        10        10        10        10        10        10        10
        10        10        10        10        10        10        10        10
        10        10        10         2         2         2         2         2
         2         2         3         1         3         1         3         1
         3         1         3         1         3         1         3         3
         3         3         3         3         3         3         3         3
         3         3         3         3         3         3         3         3
         7         7         7         7         7         7         7         7
         7         7         7         7         7         7         7         7
         7         7         7         7         7         7         7         7
         8         8         8         8         8         8         8         8
         8         8         8         8         8         8         8         8
         8         8         8         8         8         8         8         8
         8         8         8         8         8         8         9         9
         9         9         9         9         9         9         9         9
         9         9         9         9         9         9         9         9
         9         9         9         9         9         9         9         9
         9         9         9         9         9         9         9         9
         9         9        10        10        10        10        10        10
        10        10        10        10        10        10        10        10
        10        10        10        10        10        10        10        10
        10        10        10        10        10        10        10        10
        10        10        10        10        10        10        10        10
        10        10        10        10         1         1         1         1
         1         1         1         1         1         1         1         1
         1         1         1         1         1         1         1         1
         1         1         1         1         1         1         1         1
         1         1         1         1         1         1         1         1
         1         7         7         7         7         7         7         7
         7         7         7         7         7         7         7         7
         7         7         7         7         7         7         7         7
         7         8         8         8         8         8         8         8
         8         8         8         8         8         8         8         8
         8         8         8         8         8         8         8         8
         8         8         8         8         8         8         8         9
         9         9         9         9         9         9         9         9
         9         9         9         9         9         9         9         9
         9         9         9         9         9         9         9         9
         9         9         9         9         9         9         9         9
         9         9         9        10        10        10        10        10
        10        10        10        10        10        10        10        10
        10        10        10        10        10        10        10        10
        10        10        10        10        10        10        10        10
        10        10        10        10        10        10        10        10
        10        10        10        10        10
->       1      12       3       3                                 <-   
SIGNATURE                                                                       
         4         4         4
L_GEOM      
->       1      12       1      40                                 <-   
STATE-VECTOR                                                                    
         9         0       169         0         5       845        12         0
         0         0         1         0         0         0         0         0
         0         0         0         0         0         0         0         0
         0         0         0         0         0         0         0         0
         0         0         0         0         0         0         0         0
->       1      12       1       6                                 <-   
NCODE                                                                           
         1         0         0         0         1         1
->       1      12       2       6                                 <-   
ZCODE                                                                           
  0.00000000E+00  0.00000000E+00  0.00000000E+00  0.00000000E+00  0.00000000E+00
  0.00000000E+00
->       1      12       1       6                                 <-   
ICODE                                                                           
         0         0         0         0         0         0
->      -1       0       0       0                                 <-   
