->       1      12      10       4                                 <-   
GROUP                                                                           
->       2       0       0      -1                                 <-   00000001
->       3      12       2      12                                 <-   
NTOT0                                                                           
  9.83638018E-02  1.40461996E-01  1.32933006E-01  1.24526002E-01  1.40226007E-01
  1.41427994E-01  1.59345999E-01  1.39164001E-01  1.51644006E-01  9.65097025E-02
  7.27586970E-02  1.39084995E-01
->       3      12       2      12                                 <-   
NUSIGF                                                                          
  0.00000000E+00  2.96100997E-03  0.00000000E+00  1.79043002E-02  1.59878004E-02
  1.01663005E-02  0.00000000E+00  0.00000000E+00  0.00000000E+00  0.00000000E+00
  0.00000000E+00  0.00000000E+00
->       3      12       2      12                                 <-   
CHI                                                                             
  0.00000000E+00  9.08563972E-01  0.00000000E+00  9.08563972E-01  9.08563972E-01
  9.08563972E-01  0.00000000E+00  0.00000000E+00  0.00000000E+00  0.00000000E+00
  0.00000000E+00  0.00000000E+00
->       3      12       1      12                                 <-   
NJJS00                                                                          
         1         1         1         1         1         1         1         1
         1         1         1         1
->       3      12       1      12                                 <-   
IJJS00                                                                          
         1         1         1         1         1         1         1         1
         1         1         1         1
->       3      12       1      12                                 <-   
IPOS00                                                                          
         1         2         3         4         5         6         7         8
         9        10        11        12
->       3      12       2      12                                 <-   
SIGW00                                                                          
  9.06049982E-02  1.23805001E-01  1.22994997E-01  1.05963998E-01  1.19887002E-01
  1.14336997E-01  1.47968993E-01  1.05911002E-01  1.38427004E-01  8.83549973E-02
  6.63634017E-02  1.17721997E-01
->       3      12       2      12                                 <-   
SIGS00                                                                          
  9.81477648E-02  1.38524517E-01  1.32602483E-01  1.17384955E-01  1.33127004E-01
  1.36755750E-01  1.58881471E-01  1.38766214E-01  1.51185721E-01  9.62846950E-02
  7.26679638E-02  1.30463004E-01
->       3      12       2      12                                 <-   
SCAT00                                                                          
  9.06049982E-02  1.23805001E-01  1.22994997E-01  1.05963998E-01  1.19887002E-01
  1.14336997E-01  1.47968993E-01  1.05911002E-01  1.38427004E-01  8.83549973E-02
  6.63634017E-02  1.17721997E-01
->      -3       0       0       0                                 <-   
->       2       0       0      -1                                 <-   00000002
->       3      12       2      12                                 <-   
NTOT0                                                                           
  1.35140002E-01  2.25534007E-01  1.78531006E-01  2.01024994E-01  2.28245005E-01
  2.45394006E-01  2.16354996E-01  2.46993005E-01  1.42381996E-01  9.87095013E-02
  1.00217998E-01  2.28152007E-01
->       3      12       2      12                                 <-   
NUSIGF                                                                          
  0.00000000E+00  6.56171032E-05  0.00000000E+00  1.59961004E-02  1.64445993E-02
  9.46358964E-03  0.00000000E+00  0.00000000E+00  0.00000000E+00  0.00000000E+00
  0.00000000E+00  0.00000000E+00
->       3      12       2      12                                 <-   
CHI                                                                             
  0.00000000E+00  8.73069987E-02  0.00000000E+00  8.73069987E-02  8.73069987E-02
  8.73069987E-02  0.00000000E+00  0.00000000E+00  0.00000000E+00  0.00000000E+00
  0.00000000E+00  0.00000000E+00
->       3      12       1      12                                 <-   
NJJS00                                                                          
         2         2         2         2         2         2         2         2
         2         2         2         2
->       3      12       1      12                                 <-   
IJJS00                                                                          
         2         2         2         2         2         2         2         2
         2         2         2         2
->       3      12       1      12                                 <-   
IPOS00                                                                          
         1         3         5         7         9        11        13        15
        17        19        21        23
->       3      12       2      12                                 <-   
SIGW00                                                                          
  1.30581006E-01  2.17260003E-01  1.73095003E-01  1.89370006E-01  2.15213001E-01
  2.12006003E-01  2.10409999E-01  1.84819996E-01  1.37502000E-01  9.52493027E-02
  9.61235985E-02  1.94699004E-01
->       3      12       2      12                                 <-   
SIGS00                                                                          
  1.34933844E-01  2.24054903E-01  1.78194508E-01  1.93019554E-01  2.19216004E-01
  2.39814758E-01  2.15878114E-01  2.46690288E-01  1.41922906E-01  9.84757766E-02
  1.00137472E-01  1.99021369E-01
->       3      12       2      24                                 <-   
SCAT00                                                                          
  1.30581006E-01  7.42377015E-03  2.17260003E-01  1.45482998E-02  1.73095003E-01
  9.41231009E-03  1.89370006E-01  1.12738004E-02  2.15213001E-01  1.30789997E-02
  2.12006003E-01  2.09663995E-02  2.10409999E-01  1.06606996E-02  1.84819996E-01
  2.96484996E-02  1.37502000E-01  1.23901004E-02  9.52493027E-02  7.73409009E-03
  9.61235985E-02  6.23393012E-03  1.94699004E-01  1.26066003E-02
->      -3       0       0       0                                 <-   
->       2       0       0      -1                                 <-   00000003
->       3      12       2      12                                 <-   
NTOT0                                                                           
  2.24748999E-01  3.27064991E-01  2.83151001E-01  2.86599010E-01  3.25805992E-01
  3.98254991E-01  3.48692000E-01  4.52425003E-01  1.65132001E-01  1.34200007E-01
  1.60703003E-01  3.18805993E-01
->       3      12       2      12                                 <-   
NUSIGF                                                                          
  0.00000000E+00  1.14629998E-04  0.00000000E+00  2.40855999E-02  2.71451008E-02
  1.87324993E-02  0.00000000E+00  0.00000000E+00  0.00000000E+00  0.00000000E+00
  0.00000000E+00  0.00000000E+00
->       3      12       2      12                                 <-   
CHI                                                                             
  0.00000000E+00  4.12900001E-03  0.00000000E+00  4.12900001E-03  4.12900001E-03
  4.12900001E-03  0.00000000E+00  0.00000000E+00  0.00000000E+00  0.00000000E+00
  0.00000000E+00  0.00000000E+00
->       3      12       1      12                                 <-   
NJJS00                                                                          
         3         3         3         3         3         3         3         3
         3         3         3         3
->       3      12       1      12                                 <-   
IJJS00                                                                          
         3         3         3         3         3         3         3         3
         3         3         3         3
->       3      12       1      12                                 <-   
IPOS00                                                                          
         1         4         7        10        13        16        19        22
        25        28        31        34
->       3      12       2      12                                 <-   
SIGW00                                                                          
  2.19547004E-01  3.17948014E-01  2.77193993E-01  2.70206988E-01  3.06885004E-01
  3.52093011E-01  3.42085004E-01  3.73071998E-01  1.60722002E-01  1.30756006E-01
  1.56016007E-01  2.44351998E-01
->       3      12       2      12                                 <-   
SIGS00                                                                          
  2.24192947E-01  3.22335839E-01  2.82290012E-01  2.72011787E-01  3.08558404E-01
  3.84995997E-01  3.47453803E-01  4.51204598E-01  1.64052755E-01  1.33660823E-01
  1.60507113E-01  2.44720772E-01
->       3      12       2      36                                 <-   
SCAT00                                                                          
  2.19547004E-01  4.35250020E-03  1.18163000E-04  3.17948014E-01  6.78884983E-03
  1.70276006E-04  2.77193993E-01  5.09880995E-03  1.93790998E-04  2.70206988E-01
  3.64846992E-03  1.46192004E-04  3.06885004E-01  4.00116993E-03  1.59938005E-04
  3.52093011E-01  2.67268997E-02  1.39132002E-03  3.42085004E-01  5.46710985E-03
  2.49956007E-04  3.73071998E-01  5.91779985E-02  3.06502008E-03  1.60722002E-01
  4.41926997E-03  3.66930006E-04  1.30756006E-01  3.22567998E-03  1.94719003E-04
  1.56016007E-01  4.01374977E-03  7.02121033E-05  2.44351998E-01  4.32218984E-03
  1.33313995E-04
->      -3       0       0       0                                 <-   
->       2       0       0      -1                                 <-   00000004
->       3      12       2      12                                 <-   
NTOT0                                                                           
  2.83116996E-01  3.41224015E-01  4.62166995E-01  3.68772000E-01  4.18327004E-01
  4.35990006E-01  6.24248981E-01  5.36256015E-01  8.04844975E-01  4.12669986E-01
  1.51575997E-01  6.27366006E-01
->       3      12       2      12                                 <-   
NUSIGF                                                                          
  0.00000000E+00  4.93482978E-04  0.00000000E+00  7.33103976E-02  8.45806971E-02
  8.25335011E-02  0.00000000E+00  0.00000000E+00  0.00000000E+00  0.00000000E+00
  0.00000000E+00  0.00000000E+00
->       3      12       2      12                                 <-   
CHI                                                                             
  0.00000000E+00  0.00000000E+00  0.00000000E+00  0.00000000E+00  0.00000000E+00
  0.00000000E+00  0.00000000E+00  0.00000000E+00  0.00000000E+00  0.00000000E+00
  0.00000000E+00  0.00000000E+00
->       3      12       1      12                                 <-   
NJJS00                                                                          
         4         4         4         4         4         4         4         4
         4         4         4         4
->       3      12       1      12                                 <-   
IJJS00                                                                          
         4         4         4         4         4         4         4         4
         4         4         4         4
->       3      12       1      12                                 <-   
IPOS00                                                                          
         1         5         9        13        17        21        25        29
        33        37        41        45
->       3      12       2      12                                 <-   
SIGW00                                                                          
  2.80707002E-01  3.31281006E-01  4.58597988E-01  3.18960011E-01  3.60906005E-01
  3.70871991E-01  6.19306028E-01  5.12103021E-01  7.98932016E-01  4.09631997E-01
  1.50368005E-01  3.14815998E-01
->       3      12       2      12                                 <-   
SIGS00                                                                          
  2.80707002E-01  3.31281006E-01  4.58597988E-01  3.18960011E-01  3.60906005E-01
  3.70871991E-01  6.19306028E-01  5.12103021E-01  7.98932016E-01  4.09631997E-01
  1.50368005E-01  3.14815998E-01
->       3      12       2      48                                 <-   
SCAT00                                                                          
  2.80707002E-01  4.64593992E-03  3.41674991E-07  8.25890027E-07  3.31281006E-01
  4.38782014E-03  6.04793013E-06  9.37082973E-07  4.58597988E-01  5.09600993E-03
  7.05075024E-07  1.39306997E-06  3.18960011E-01  1.80478999E-03  1.06888001E-06
  9.62177978E-07  3.60906005E-01  1.67340995E-03  1.82715996E-06  1.07165999E-06
  3.70871991E-01  3.29030007E-02  1.08186004E-03  6.10280986E-05  6.19306028E-01
  5.36879012E-03  1.00157001E-06  1.82564997E-06  5.12103021E-01  7.81325996E-02
  2.69229012E-03  1.41697004E-04  7.98932016E-01  3.33074993E-03  1.63280004E-06
  1.69036002E-06  4.09631997E-01  2.90481001E-03  7.98494000E-07  8.89615023E-07
  1.50368005E-01  4.49110987E-03  1.26939000E-07  4.16387991E-07  3.14815998E-01
  3.68781009E-04  1.85491004E-07  1.08839004E-06
->      -3       0       0       0                                 <-   
->       1      12       3       3                                 <-   
SIGNATURE                                                                       
         4         4         4
L_MACROLIB  
->       1      12       1      40                                 <-   
STATE-VECTOR                                                                    
         4        12         1         1         0         0         0         0
         0         0         0         0         0         0         0         0
         0         0         0         0         0         0         0         0
         0         0         0         0         0         0         0         0
         0         0         0         0         0         0         0         0
->      -1       0       0       0                                 <-   
