->       1      12       1       1                                 <-   
SPLITL                                                                          
         3
->       1      12       1       1                                 <-   
IHEX                                                                            
         9
->       1      12       2       1                                 <-   
SIDE                                                                            
  1.90000000E+01
->       1      12       1     127                                 <-   
MIX                                                                             
         1         1         1         1         1         1         1         1
         1         1         1         1         1         1         1         1
         1         1         1         2         1         1         2         1
         1         2         1         1         2         1         1         2
         1         1         2         1         1         2         2         2
         2         2         2         2         2         2         2         2
         2         2         2         2         2         2         2         2
         2         2         2         2         2         3         2         2
         2         2         3         2         2         2         2         3
         2         2         2         2         3         2         2         2
         2         3         2         2         2         2         3         2
         2         2         2         0         3         3         3         3
         3         0         3         3         3         3         3         0
         3         3         3         3         3         0         3         3
         3         3         3         0         3         3         3         3
         3         0         3         3         3         3         3
->       1      12       3       3                                 <-   
SIGNATURE                                                                       
         4         4         4
L_GEOM      
->       1      12       1      40                                 <-   
STATE-VECTOR                                                                    
         8         0       127         0         0       127         3         0
         0         0         1         0         0         0         0         0
         0         0         0         0         0         0         0         0
         0         0         0         0         0         0         0         0
         0         0         0         0         0         0         0         0
->       1      12       1       6                                 <-   
NCODE                                                                           
         1         0         0         0         0         0
->       1      12       2       6                                 <-   
ZCODE                                                                           
  0.00000000E+00  0.00000000E+00  0.00000000E+00  0.00000000E+00  0.00000000E+00
  0.00000000E+00
->       1      12       1       6                                 <-   
ICODE                                                                           
         0         0         0         0         0         0
->      -1       0       0       0                                 <-   
