->       1      12      10       1                                 <-   
GROUP                                                                           
->       2       0       0      -1                                 <-   00000001
->       3      12       2       3                                 <-   
NTOT0                                                                           
  2.50000004E-02  2.50000004E-02  7.50000030E-02
->       3      12       2       3                                 <-   
NUSIGF                                                                          
  1.54999997E-02  0.00000000E+00  0.00000000E+00
->       3      12       2       3                                 <-   
CHI                                                                             
  1.00000000E+00  0.00000000E+00  0.00000000E+00
->       3      12       1       3                                 <-   
NJJS00                                                                          
         1         1         1
->       3      12       1       3                                 <-   
IJJS00                                                                          
         1         1         1
->       3      12       1       3                                 <-   
IPOS00                                                                          
         1         2         3
->       3      12       2       3                                 <-   
SIGW00                                                                          
  1.30000003E-02  2.40000002E-02  0.00000000E+00
->       3      12       2       3                                 <-   
SIGS00                                                                          
  1.30000003E-02  2.40000002E-02  0.00000000E+00
->       3      12       2       3                                 <-   
SCAT00                                                                          
  1.30000003E-02  2.40000002E-02  0.00000000E+00
->       3      12       1       3                                 <-   
NJJS01                                                                          
         1         1         1
->       3      12       1       3                                 <-   
IJJS01                                                                          
         1         1         1
->       3      12       1       3                                 <-   
IPOS01                                                                          
         1         2         3
->       3      12       2       3                                 <-   
SIGW01                                                                          
  0.00000000E+00  6.00000005E-03  0.00000000E+00
->       3      12       2       3                                 <-   
SIGS01                                                                          
  0.00000000E+00  6.00000005E-03  0.00000000E+00
->       3      12       2       3                                 <-   
SCAT01                                                                          
  0.00000000E+00  6.00000005E-03  0.00000000E+00
->      -3       0       0       0                                 <-   
->       1      12       3       3                                 <-   
SIGNATURE                                                                       
         4         4         4
L_MACROLIB  
->       1      12       1      40                                 <-   
STATE-VECTOR                                                                    
         1         3         2         1         0         0         0         0
         0         0         0         0         0         0         0         0
         0         0         0         0         0         0         0         0
         0         0         0         0         0         0         0         0
         0         0         0         0         0         0         0         0
->      -1       0       0       0                                 <-   
